# exact   exact_comp    tem
 0.390363  -0.109637   -0.119019     -0.089234
 0.106773   0.106773    0.108886     0.082917 
 0.001210   0.001210    0.092850     0.099508 
 0.020192   0.020192    0.022523     -0.458510
 0.610308   0.110308    0.103789     0.082308 
 0.000324   0.000324    -0.062798    0.036558 
-0.003541  -0.003541    -0.004454    -0.197739
 0.000010  -0.499990    -0.447315    -0.462679
 0.000869   0.000869    -0.013495    -0.004844
 0.999330   0.499330    0.488363     0.544189 
 0.152425  -0.097575    -0.098331    -0.082744
