# exact     em2  1:cwevr00543p00085xv10 2:cwenr709r49g0085p5hg  3:cwf4nr79r49g0085sav0 4:cwf7v2w0r6b0008p95h0 5:cwf7jga0r6b0008p92yg
 0.390363  -0.109637      -0.107748   -0.100834     -0.047722   -0.096798  -0.099481
 0.106773   0.106773      0.118341    0.090658      0.136695    0.097861   0.098057 
 0.001210   0.001210      -0.006537   -0.003036     0.000370    0.000504   -0.000000
 0.020192   0.020192      0.009269    0.002671      0.005563    0.038996   0.020072 
 0.610308   0.110308      0.091326    0.112443      0.073119    0.111113   0.091311 
 0.000324   0.000324      0.002415    0.000190      -0.011566   -0.004506  0.000346 
-0.003541  -0.003541      0.000576    0.000836      -0.003397   -0.001155  -0.001552
 0.000010  -0.499990      -0.483895   -0.477803     -0.496474   -0.485024  -0.496566
 0.000869   0.000869      -0.005627   -0.001416     0.003705    0.005070   0.005104 
 0.999330   0.499330      0.505129    0.473171      0.383794    0.488342   0.495603 
 0.152425  -0.097575      -0.095546   -0.090427     -0.073688   -0.075121  -0.099548
