# exact   exact_comp    q-ctrl
 0.390363  -0.109637    -0.182000    -0.170500
 0.106773   0.106773    0.157125     0.175625 
 0.001210   0.001210    0.002750     -0.006250
 0.020192   0.020192    -0.001125    -0.006000
 0.610308   0.110308    0.142750     0.178750 
 0.000324   0.000324    -0.007875    0.000750 
-0.003541  -0.003541    0.000875     -0.008750
 0.000010  -0.499990    -0.500000    -0.500000
 0.000869   0.000869    0.013875     -0.001250
 0.999330   0.499330    0.500000     0.500000 
 0.152425  -0.097575    -0.160000    -0.172750
