# exact                  em1   
 0.390363  -0.109637    -0.076090    -0.065939    -0.117535 
 0.106773   0.106773    0.097987     0.109767     0.028069 
 0.001210   0.001210    0.003720     0.012403     -0.018510
 0.020192   0.020192    0.019310     -0.000600    0.049381 
 0.610308   0.110308    0.058376     0.051324     0.133771 
 0.000324   0.000324    -0.003115    -0.002977    -0.002164
-0.003541  -0.003541    -0.006196    -0.000226    -0.002379
 0.000010  -0.499990    -0.447898    -0.417903    -0.452746
 0.000869   0.000869    0.005531     -0.038244    -0.058896
 0.999330   0.499330    0.415591     0.449511     0.334422 
 0.152425  -0.097575    -0.082920    -0.091433    -0.068069
