# exact     em3  cwf8dwf31we00087kqdg     cwf443g31we00087k3kg   cwf9fv70r6b0008p9f5g
 0.390363  -0.109637     -0.093475    -0.130090   -0.138169
 0.106773   0.106773     0.092016     0.102029    0.109325 
 0.001210   0.001210     -0.000827    -0.008550   0.001523 
 0.020192   0.020192     0.009718     -0.080181   0.010424 
 0.610308   0.110308     0.091021     0.126648    0.119720 
 0.000324   0.000324     0.002324     -0.008998   0.000452 
-0.003541  -0.003541     -0.009687    -0.000611   -0.005667
 0.000010  -0.499990     -0.444371    -0.491232   -0.478030
 0.000869   0.000869     -0.008307    0.000561    -0.049796
 0.999330   0.499330     0.433452     0.492564    0.539107 
 0.152425  -0.097575     -0.077933   -0.106460    -0.100699
