# circuit depth: 21
# exact-shifted  exact-nonshifted   1  2  2  3  3   3
#  0.390363  -0.109637     -0.45996084   -5.04196145e-01  -0.49828527    -5.09746757e-01   -5.01574926e-01   -0.48282528
#  0.106773   0.106773     -0.01022364    5.13895021e-03   0.00251886     5.09126568e-03    5.41812821e-03   -0.00649915
#  0.001210   0.001210     -0.00326539   -4.21351895e-03  -0.00094599    -1.78979324e-02    1.17963367e-02   -0.02214796
#  0.020192   0.020192      0.00525741    4.99749963e-03  -0.00269906     1.94122235e-03   -3.48736819e-04    0.00832473
#  0.610308   0.110308     -0.42362744   -5.01924204e-01  -0.50307766    -4.95014680e-01   -5.08786392e-01   -0.49802336
#  0.000324   0.000324     -0.00211948   -6.82434064e-03   0.00904069     2.94573466e-03    3.13773741e-03   -0.00288469
# -0.003541  -0.003541      0.00099185   -5.15438828e-03   0.0028891      2.05078167e-06    7.08337689e-04   -0.00156988
#  0.000010  -0.499990     -0.47550639   -5.00827839e-01  -0.48561795    -4.95571314e-01   -5.03083227e-01   -0.51167487
#  0.000869   0.000869      0.0032467    -1.03959603e-10   0.00285913     6.49534849e-05    9.85402694e-05   -0.0008611 
#  0.999330   0.499330     -0.49135639   -3.83009046e-01  -0.49712829     3.70415121e-01   -5.25300717e-01   -0.48844125
#  0.152425  -0.097575     -0.18016971   -2.36788910e-01  -0.24936885    -2.36307474e-01   -2.46959848e-01   -0.23382193
#
# exact                  em1   
 0.390363  -0.109637    -0.076090    -0.065939    -0.117535 
 0.106773   0.106773    0.097987     0.109767     0.028069 
 0.001210   0.001210    0.003720     0.012403     -0.018510
 0.020192   0.020192    0.019310     -0.000600    0.049381 
 0.610308   0.110308    0.058376     0.051324     0.133771 
 0.000324   0.000324    -0.003115    -0.002977    -0.002164
-0.003541  -0.003541    -0.006196    -0.000226    -0.002379
 0.000010  -0.499990    -0.447898    -0.417903    -0.452746
 0.000869   0.000869    0.005531     -0.038244    -0.058896
 0.999330   0.499330    0.415591     0.449511     0.334422 
 0.152425  -0.097575    -0.082920    -0.091433    -0.068069

# function-2-opt3
-0.047722   -0.096798   -0.107748   -0.100834   -0.115305  
0.136695    0.097861    0.118341    0.090658    0.178528
0.000370    0.000504    -0.006537   -0.003036   0.001537
0.005563    0.038996    0.009269    0.002671    0.001344
0.073119    0.111113    0.091326    0.112443    0.086458
-0.011566   -0.004506   0.002415    0.000190    0.003881
-0.003397   -0.001155   0.000576    0.000836    0.000752
-0.496474   -0.485024   -0.483895   -0.477803   -0.499817
0.003705    0.005070    -0.005627   -0.001416   0.003107
0.383794    0.488342    0.505129    0.473171    0.581221
-0.073688   -0.075121   -0.095546   -0.090427   -0.097498


# function em3-opt3
 -0.093475    -0.130090   -0.138169
 0.092016     0.102029    0.109325 
 -0.000827    -0.008550   0.001523 
 0.009718     -0.080181   0.010424 
 0.091021     0.126648    0.119720 
 0.002324     -0.008998   0.000452 
 -0.009687    -0.000611   -0.005667
 -0.444371    -0.491232   -0.478030
 -0.008307    0.000561    -0.049796
 0.433452     0.492564    0.539107 
 -0.077933   -0.106460    -0.100699
