# exact-shifted  exact-nonshifted  opt-1-4096-shots(precision: 0.015625) shots:40000
# opt-1: cw6hd85bhxtg008wbz6g
  0.274698  -0.225302     -0.21788538    -0.22027729
  0.000000   0.000000      0.00286757     0.00171574
  0.000000   0.000000      0.00081257    -0.00265792
 -0.201133  -0.201133     -0.17857143    -0.17173846
  1.000000   0.500000      0.48862512     0.49875511
  0.000000   0.000000     -0.00194307     0.00088264
  0.000000   0.000000      0.01292194    -0.00344336
  0.000000  -0.500000     -0.49623872    -0.49435266
  0.000000   0.000000      0.00154639     0.00119263
  0.725302   0.225302      0.2234886      0.22154055
  0.075459  -0.174541     -0.16879538    -0.1746981 
