# circuit depth: 21
# exact-shifted  exact-nonshifted   1  2  2  3  3   3
  0.390363  -0.109637     -0.45996084   -5.04196145e-01  -0.49828527    -5.09746757e-01   -5.01574926e-01   -0.48282528
  0.106773   0.106773     -0.01022364    5.13895021e-03   0.00251886     5.09126568e-03    5.41812821e-03   -0.00649915
  0.001210   0.001210     -0.00326539   -4.21351895e-03  -0.00094599    -1.78979324e-02    1.17963367e-02   -0.02214796
  0.020192   0.020192      0.00525741    4.99749963e-03  -0.00269906     1.94122235e-03   -3.48736819e-04    0.00832473
  0.610308   0.110308     -0.42362744   -5.01924204e-01  -0.50307766    -4.95014680e-01   -5.08786392e-01   -0.49802336
  0.000324   0.000324     -0.00211948   -6.82434064e-03   0.00904069     2.94573466e-03    3.13773741e-03   -0.00288469
 -0.003541  -0.003541      0.00099185   -5.15438828e-03   0.0028891      2.05078167e-06    7.08337689e-04   -0.00156988
  0.000010  -0.499990     -0.47550639   -5.00827839e-01  -0.48561795    -4.95571314e-01   -5.03083227e-01   -0.51167487
  0.000869   0.000869      0.0032467    -1.03959603e-10   0.00285913     6.49534849e-05    9.85402694e-05   -0.0008611 
  0.999330   0.499330     -0.49135639   -3.83009046e-01  -0.49712829     3.70415121e-01   -5.25300717e-01   -0.48844125
  0.152425  -0.097575     -0.18016971   -2.36788910e-01  -0.24936885    -2.36307474e-01   -2.46959848e-01   -0.23382193


