# exact   em2  d0j7z8dehmr0008gp9q0, d0j80gtvpqf00080rkhg, d0jbvzf36cs0008rrkz0, d0jb1ppfbx30008wgjvg
 0.489117    -0.010883   -0.020489     0.001236    0.002473   0.000000  
 0.206818     0.206818    0.162464     0.046754    0.210711   0.191420 
 0.057699     0.057699    0.011898     0.004745    0.020623   0.045909 
 0.050684     0.050684    0.003253     0.007905    0.017003   0.005564 
 0.508922     0.008922    0.001479     -0.000856   -0.006170  0.001830 
 0.030374     0.030374    0.003741     -0.002388   0.010359   0.021097 
-0.019175    -0.019175    -0.018596    -0.013966   -0.011920  -0.002023
 0.007245    -0.492755    -0.458373    -0.468193   -0.460820  -0.651014
-0.001238    -0.001238    0.005738     0.001272    0.002913   0.001285 
 0.994708     0.494708    0.506215     0.458112    0.508926   0.494564 
 0.023846    -0.226154    -0.200657    -0.061900   -0.202285  -0.187140

