# exact   em1 6a564c11-b0b6-45c6-ba73-1f1f7c9775da, 2f815018-b5aa-4d8f-abea-82b597de5d74, 6529fa53-135d-46f0-b75f-18ad89b65d5a
 0.489117    -0.010883    -0.013637    -0.010545   -0.023472
 0.206818     0.206818    0.091970     0.085992    0.082729 
 0.057699     0.057699    0.019624     0.027061    0.020817 
 0.050684     0.050684    0.010006     0.019118    0.010340 
 0.508922     0.008922    -0.002787    0.005061    -0.010549
 0.030374     0.030374    0.013700     0.015173    0.023502 
-0.019175    -0.019175    -0.006950    -0.005161   -0.006699
 0.007245    -0.492755    -0.377395    -0.371027   -0.369393
-0.001238    -0.001238    -0.008285    -0.020574   -0.009650
 0.994708     0.494708    0.316131     0.314476    0.313574 
 0.023846    -0.226154    -0.111123    -0.109074   -0.113209
