# exact  H1-1LE run1, 2, 3 
 0.489117    -0.010883      0.006000   -0.005000    # bug -0.018000   0.009000   -0.020000   
 0.206818     0.206818      0.194500    0.199500    # bug  0.213000   0.230000    0.216000   
 0.057699     0.057699      0.046000    0.046000    # bug -0.066500  -0.047000   -0.050500   
 0.050684     0.050684      0.061000    0.063500    # bug -0.049000  -0.066500   -0.041500   
 0.508922     0.008922     -0.010000    0.003000    # bug  0.016000  -0.009000    0.022000   
 0.030374     0.030374      0.015000    0.025500    # bug -0.040000  -0.041000   -0.037000   
-0.019175    -0.019175     -0.024000   -0.040000    # bug  0.020500   0.020500    0.013000   
 0.007245    -0.492755     -0.494000   -0.491000    # bug -0.493000  -0.494000   -0.492000   
-0.001238    -0.001238      0.034000   -0.021000    # bug -0.016000   0.024000    0.009000   
 0.994708     0.494708      0.497000    0.496000    # bug  0.493000   0.490000    0.490000   
 0.023846    -0.226154     -0.224000   -0.225000    # bug -0.233000  -0.237000   -0.227000   
