# exact   em1
 0.489117    -0.010883    0.015512    0.006026   -0.117670  
 0.206818     0.206818    0.018926    0.015479   -0.008946 
 0.057699     0.057699    0.007392    0.006654   0.006445  
 0.050684     0.050684    -0.003076   0.008253   0.005443  
 0.508922     0.008922    -0.039666   -0.034287  0.028578  
 0.030374     0.030374    0.001794    0.001030   -0.005367 
-0.019175    -0.019175    -0.000173   -0.004308  -0.000351 
 0.007245    -0.492755    0.006569    0.000515   -0.050273 
-0.001238    -0.001238    -0.011829   -0.005739  0.001809  
 0.994708     0.494708    -0.105979   -0.111206  -0.075064 
 0.023846    -0.226154    -0.023754   -0.022043  -0.057963 
