# exact  H1-1LE run1, 2, 3  H1-emulator  H1-1E, run-1, 2, 3   H1-1 run-1
 0.489117    -0.010883    -0.018000   0.009000   -0.020000    -0.040000      -0.018000    -0.006000    -0.020000    -0.019000
 0.206818     0.206818     0.213000   0.230000    0.216000     0.176500       0.212000     0.200500     0.203000     0.206500
 0.057699     0.057699    -0.066500  -0.047000   -0.050500    -0.049500       0.068500     0.070000     0.069500     0.047500
 0.050684     0.050684    -0.049000  -0.066500   -0.041500    -0.042500       0.040000     0.053500     0.052500     0.035500
 0.508922     0.008922     0.016000  -0.009000    0.022000     0.028000       0.014000     0.013000     0.020000     0.018000
 0.030374     0.030374    -0.040000  -0.041000   -0.037000    -0.044500       0.042500     0.041500     0.046000     0.026000
-0.019175    -0.019175     0.020500   0.020500    0.013000     0.018000      -0.008000    -0.031000    -0.006000    -0.008500
 0.007245    -0.492755    -0.493000  -0.494000   -0.492000    -0.480000      -0.495000    -0.493000    -0.494000    -0.468000
-0.001238    -0.001238    -0.016000   0.024000    0.009000    -0.005000      -0.024000     0.000500    -0.010000     0.042000
 0.994708     0.494708     0.493000   0.490000    0.490000     0.476000       0.491000     0.494000     0.498000     0.471000
 0.023846    -0.226154    -0.233000  -0.237000   -0.227000    -0.210000      -0.227000    -0.222000    -0.233000    -0.221000


