# exact   em2
 0.489117    -0.010883    0.007886    -0.002508   -0.000000   -0.000635
 0.206818     0.206818    0.019644    -0.005181   -0.001200   0.004807 
 0.057699     0.057699    -0.000533   0.003283    -0.002826   -0.002067
 0.050684     0.050684    -0.001975   -0.004944   0.000807    0.008343 
 0.508922     0.008922    -0.002992   0.000000    0.002969    0.005697 
 0.030374     0.030374    0.017083    0.000000    0.004393    0.002177 
-0.019175    -0.019175    -0.002545   0.002746    -0.002978   -0.001059
 0.007245    -0.492755    -0.527866   0.065690    -0.009517   -0.001656
-0.001238    -0.001238    -0.000456   0.002315    -0.018505   -0.002947
 0.994708     0.494708    0.525749    0.162715    -0.096740   0.006625 
 0.023846    -0.226154    -0.119768   -0.001304   0.007541    0.001020
