# exact   em1 d0jb74wehmr0008gq33g  d0jb7cnehmr0008gq360 d0jb7q68jzxg008my0rg
 0.489117    -0.010883    -0.024500     0.004273     -0.002760
 0.206818     0.206818    0.071306      0.104008     0.020835 
 0.057699     0.057699    0.012809      0.021922     -0.001878
 0.050684     0.050684    0.004766      0.009990     0.001553 
 0.508922     0.008922    0.008487      -0.004541    -0.007023
 0.030374     0.030374    0.013765      0.009157     0.005644 
-0.019175    -0.019175    0.008664      0.002149     -0.006703
 0.007245    -0.492755    -0.389883     -0.383320    -0.387017
-0.001238    -0.001238    -0.005003     -0.010053    -0.002966
 0.994708     0.494708    0.333912      0.309921     0.333704 
 0.023846    -0.226154    -0.125358     -0.135262    -0.047520
