# exact   em2 93e9fae1-cecd-4cb6-b809-716a2be0c67c, 58a50932-ef77-4d74-9783-093a4c03c20a, d17232d5-9585-4fec-b76d-477b1b2b218a
 0.489117    -0.010883   0.008001   0.002027    -0.017061
 0.206818     0.206818   0.068698   0.014574    0.200658 
 0.057699     0.057699   -0.004106  -0.000080   0.008890 
 0.050684     0.050684   -0.000264  -0.012339   -0.000329
 0.508922     0.008922   0.000000   -0.001090   0.014062 
 0.030374     0.030374   0.011814   0.002710    0.000929 
-0.019175    -0.019175   -0.006209  -0.002487   0.001987 
 0.007245    -0.492755   -0.461061  -0.420975   -0.425431
-0.001238    -0.001238   -0.018618  -0.005478   0.002846 
 0.994708     0.494708   0.396498   0.359751    0.434813 
 0.023846    -0.226154   -0.054452  -0.048585   -0.165021



