# exact   ex2              qctrl                                     qctrl-no-measurall 2**16 shots
 0.489117    -0.010883     0.004500       -0.012250     0.008750     -0.009500     0.009766 
 0.206818     0.206818     0.082375       0.086500      0.085875     0.094750      0.096710 
 0.057699     0.057699     -0.005750      -0.007250     0.002125     0.003875      0.017387 
 0.050684     0.050684     -0.005125      0.005750      -0.000250    -0.005125     0.010475 
 0.508922     0.008922     -0.003250      -0.023250     -0.006750    -0.009250     -0.013031
 0.030374     0.030374     0.004000       0.003500      -0.011250    -0.009250     0.006508 
-0.019175    -0.019175     -0.007875      0.006375      0.001375     0.000875      -0.009399
 0.007245    -0.492755     -0.466000      -0.452000     -0.437750    -0.450000     -0.414978
-0.001238    -0.001238     0.013250       0.006625      0.006750     0.019875      -0.009933
 0.994708     0.494708     0.443500       0.413750      0.430000     0.447250      0.447357 
 0.023846    -0.226154     -0.126000      -0.133250     -0.135250    -0.136000     -0.135162
