# exact  H1-emulator 1, 2
 0.489117    -0.010883      -0.025000    0.004000 
 0.206818     0.206818       0.197500    0.208500
 0.057699     0.057699       0.046500    0.032000
 0.050684     0.050684       0.043000    0.033500
 0.508922     0.008922       0.028000   -0.014000
 0.030374     0.030374       0.011500    0.017500
-0.019175    -0.019175      -0.017000   -0.009000
 0.007245    -0.492755      -0.471000   -0.482000
-0.001238    -0.001238      -0.003000   -0.030500
 0.994708     0.494708       0.486000    0.478000
 0.023846    -0.226154      -0.223000   -0.222000
