# exact   em3 c8bd7458-1b6f-48b8-87e9-cc308d6011d3, a2947558-afac-4bc3-aec6-ab0e5fa693a6, 824a14f8-6735-42f1-ab5d-dabba3bd2c98
 0.489117    -0.010883    0.002350    -0.003227    -0.002511 
 0.206818     0.206818    0.010918    0.127667     0.112603 
 0.057699     0.057699    -0.000164   0.022553     0.027265 
 0.050684     0.050684    -0.000289   0.007396     0.014120 
 0.508922     0.008922    0.032496    -0.004662    0.027355 
 0.030374     0.030374    0.003951    -0.000776    0.011595 
-0.019175    -0.019175    -0.004201   -0.008593    0.002162 
 0.007245    -0.492755    -0.358248   -0.374979    -0.378656
-0.001238    -0.001238    -0.016116   -0.002251    -0.003757
 0.994708     0.494708    0.270461    0.345472     0.299975 
 0.023846    -0.226154    -0.074976   -0.181840    -0.131345
