# exact                   scale=0.05
  0.499989  -0.000011   -0.000440   0.001460   0.000800 
  0.224914   0.224914    0.221520   0.222430   0.221880 
  0.077034   0.077034    0.076535   0.074580   0.075555 
  0.077841   0.077841    0.077910   0.075125   0.075405 
  0.500111   0.000111    0.000100   0.001110   0.003060 
  0.057436   0.057436    0.055070   0.056930   0.056820 
 -0.056911  -0.056911   -0.056115  -0.056840  -0.055250 
  0.013418  -0.486582   -0.482520  -0.482700  -0.482870 
 -0.000227  -0.000227    0.002150  -0.000035  -0.000535 
  0.986479   0.486479    0.484640   0.484500   0.484220 
  0.044871  -0.205129   -0.203465  -0.202910  -0.201335 
