# exact                   scale=0.01 unique gates: {'rx', 'rzz', 'cx', 'rz'} cx: 68 rzz: 40
  0.499989  -0.000011    -0.003270   0.000210  -0.000860 
  0.224914   0.224914     0.225185   0.222855   0.223275 
  0.077034   0.077034     0.079165   0.077950   0.078680 
  0.077841   0.077841     0.077670   0.078650   0.077735 
  0.500111   0.000111     0.000180   0.001890   0.000430 
  0.057436   0.057436     0.057795   0.056750   0.055710 
 -0.056911  -0.056911    -0.058030  -0.057040  -0.057810 
  0.013418  -0.486582    -0.486110  -0.485840  -0.485780 
 -0.000227  -0.000227     0.001625  -0.000690  -0.001415 
  0.986479   0.486479     0.485780   0.486530   0.485830 
  0.044871  -0.205129    -0.202265  -0.205375  -0.204320 
