# exact                   scale=1.0
  0.499989  -0.000011     -0.000150   -0.004660   -0.002470
  0.224914   0.224914      0.169245    0.170875    0.169710
  0.077034   0.077034      0.050645    0.052660    0.049185
  0.077841   0.077841      0.049495    0.050555    0.052445
  0.500111   0.000111      0.004300    0.000530    0.003990
  0.057436   0.057436      0.038645    0.040575    0.038695
 -0.056911  -0.056911     -0.039715   -0.036890   -0.039450
  0.013418  -0.486582     -0.421570   -0.421990   -0.421430
 -0.000227  -0.000227     -0.001710   -0.000730   -0.000170
  0.986479   0.486479      0.447140    0.447170    0.448510
  0.044871  -0.205129     -0.162595   -0.163715   -0.162710
