                         transpiled             bare
  0.499989  -0.000011   -0.001890  -0.002610     -0.003080    -0.005400
  0.224914   0.224914    0.159490   0.162070      0.142605     0.142135
  0.077034   0.077034    0.047295   0.049335      0.037105     0.036710
  0.077841   0.077841    0.047260   0.048115      0.034435     0.034115
  0.500111   0.000111    0.002530   0.000470      0.002410     0.001900
  0.057436   0.057436    0.039730   0.039480      0.030285     0.031395
 -0.056911  -0.056911   -0.037440  -0.038690     -0.027315    -0.028395
  0.013418  -0.486582   -0.413370  -0.416270     -0.389080    -0.389290
 -0.000227  -0.000227    0.001445  -0.001105      0.000970    -0.001605
  0.986479   0.486479    0.396860   0.400970      0.372650     0.370750
  0.044871  -0.205129   -0.162815  -0.163970     -0.153555    -0.148770
