# exact                   scale=0.02
  0.499989  -0.000011    0.003550  -0.002570  -0.000460 
  0.224914   0.224914    0.223070   0.223835   0.223130 
  0.077034   0.077034    0.076550   0.077825   0.075780 
  0.077841   0.077841    0.078515   0.079665   0.076680 
  0.500111   0.000111    0.000530   0.000220   0.000180 
  0.057436   0.057436    0.056115   0.058150   0.058270 
 -0.056911  -0.056911   -0.057335  -0.057295  -0.055830 
  0.013418  -0.486582   -0.484540  -0.485600  -0.485390 
 -0.000227  -0.000227    0.000060   0.000115  -0.001035 
  0.986479   0.486479    0.485020   0.485170   0.485920 
  0.044871  -0.205129   -0.204820  -0.202035  -0.205850 
