# exact                   scale=1.0
  0.499989  -0.000011    -0.003080    -0.005400    -0.003300   -0.003460
  0.224914   0.224914     0.142605     0.142135     0.143895    0.143760
  0.077034   0.077034     0.037105     0.036710     0.036065    0.037875
  0.077841   0.077841     0.034435     0.034115     0.035520    0.037140
  0.500111   0.000111     0.002410     0.001900    -0.000780    0.001110
  0.057436   0.057436     0.030285     0.031395     0.031140    0.031735
 -0.056911  -0.056911    -0.027315    -0.028395    -0.028225   -0.027225
  0.013418  -0.486582    -0.389080    -0.389290    -0.389260   -0.391650
 -0.000227  -0.000227     0.000970    -0.001605    -0.000855    0.001175
  0.986479   0.486479     0.372650     0.370750     0.372200    0.371950
  0.044871  -0.205129    -0.153555    -0.148770    -0.149895   -0.150770
