# circuit depth 18            
#                           1               1                           1-fez
#  0.347405  -0.152595    -0.47355489   -4.85016337e-01   -0.50967599  -0.48115535
# -0.000000  -0.000000     0.00467366   -1.14103149e-03   -0.00707604   0.00529781
#  0.000000   0.000000    -0.00052933    1.26530225e-03    0.00703143   0.00491266
#  0.407115   0.407115     0.00294266   -7.26110950e-04    0.01253149  -0.00393217
#  1.000000   0.500000    -0.49711985   -4.76120596e-01   -0.50230622  -0.48707759
#  0.000000   0.000000     0.00264669   -1.77132371e-04    0.00473086   0.00381802
#  0.000000   0.000000     0.01020906   -4.61066216e-03   -0.00375949   0.00366461
#  0.000000  -0.500000    -0.3599129    -4.80130964e-01   -0.49425459  -0.49381133
# -0.000000  -0.000000    -0.00438807   -7.75794024e-03    0.00254371   0.00229685
#  0.652595   0.152595    -0.14881314   -4.40497609e-01   -0.48059052  -0.49387116
#  0.019947  -0.230053    -0.20184758   -2.30893848e-01   -0.24687799  -0.25368513
#
#
# FakeGuadalupeV2
#   precision = 0.001          0.01
#  0.346968,  -0.153032    -0.152300
#  0.000447,   0.000447     0.002350
# -0.000882,  -0.000882    -0.003050
#  0.281447,   0.281447     0.279600
#  0.966087,   0.466087     0.464900
# -0.000750,  -0.000750    -0.001400
# -0.000504,  -0.000504     0.000600
#  0.005659,  -0.494341    -0.495000
# -0.000026,  -0.000026    -0.000700
#  0.624100,   0.124100     0.122700
#  0.042031,  -0.207969    -0.207550
# exact     brussels      strasbourg  function   estimator rlevel2
-0.152595   -0.104457    -0.083785    -0.108066  -0.135335
-0.000000   -0.001802    0.001076     -0.001975  0.000001
 0.000000   -0.007029    0.002863     0.002521   0.000031
 0.407115   0.201766     0.182039     0.293492   0.110722
 0.500000   0.491546     0.194650     0.485294   0.413388
 0.000000   0.002952     -0.001754    -0.003421  -0.002686
 0.000000   -0.005855    -0.003557    -0.002171  0.016279
-0.500000   -0.490494    -0.494160    -0.487533  -0.495993
-0.000000   0.000107     0.007234     0.003830   0.000123
 0.152595   0.075381     0.107201     0.072065   0.125974
-0.230053   -0.138642    -0.118079    -0.201719  -0.157675


